
  8 4 1 2 3 7 F 9 A 5  6  D C B E 0
+++++++++++++++++++++++++++++++++++
1                             1
0                      0      0
1                      1  1   1
1                      1  1   1
0                   0  0  0
1                 1 1     1
0                 0 0
1               1 1 1
0       0       0 0
0   0   0       0
1 1 1   1       1
0 0 0 0 0
0 0 0 0   0
0 0   0   0 0
1     1   1 1 1
1         1 1 1                 1
1           1 1             1   1
1             1             1   1
0                           0   0 0
0                           0     0
0                                 0
0                                 0
-----------------------------------
  0 1 2 3 4 5 6 7 8 9 A B C D E F

0       0
0       0       0
1       1       1               1
1       1       1             1 1
1               1         1   1 1
1                 1       1   1 1
0 0               0       0   0
0 0 0             0       0
0 0 0             0
0 0 0 
1   1                             +
0     0
0     0   0
1     1   1         1
0     0   0         0
0         0 0       0
1           1       1   1
0           0 0         0
1           1 1         1   1
1             1         1   1
0             0             0
1                           1

1010
-----------------------------------

  0 1 2 3 4 5 6 7 8 9 A B C D E F

0 0                             
0 0 0  
0 0 0   0
0 0 0   0       0
1   1   1       1               1
1       1       1             1 1
1               1         1   1 1
1                 1       1   1 1
0                 0       0   0
0       +         0       0
0       +     0   0               -
1       +     1           +
1       +     1     1     +
0     0       0     0     +
0     0     0       0     +
1     1     1       1 1
0     0     0         0
1           1         1
0                     0

